Station          IGS20 (mm/year)         CHN20 (mm/year)         TRM20 (mm/year)  
           Vel_E   Vel_N   Vel_U     Vel_E   Vel_N   Vel_U     Vel_E   Vel_N   Vel_U    
XJYC        26.4    21.7    -0.5     -6.6    21.4    -0.3      0.3     2.2    -0.3 
XJHT        26.0    18.0    -0.1     -7.1    18.3     0.1      0.4     0.7     0.4 
XJYT        24.8    14.0     0.1     -8.3    15.1     0.2     -0.0     0.4     0.7 
XJQM        28.2     8.7    -0.8     -4.7    10.9    -0.7      0.5    -0.2    -0.5 
XJRQ        29.5     6.2    -0.3     -3.3     9.2    -0.3      0.4     0.8    -0.2 
XJKE        31.8     7.8     1.3     -0.8    10.2     1.2     -0.7    -0.2     0.7 
XJKC        31.6    10.6    -0.3     -1.1    12.1    -0.3     -0.4    -1.6    -0.9 
WUSH        30.6    15.0     0.4     -2.1    15.3     0.5     -0.1    -2.1    -0.1 
XJBC        29.0    17.1     0.2     -3.9    17.3     0.3      0.1    -0.6     0.0 
XJTZ        28.8    11.3    -0.2     -4.1    12.9    -0.1      0.3    -0.1    -0.1 
-------------------------------------------------------------------------------------
Average      28.7    13.0    -0.0     -4.2    14.3     0.1      0.1    -0.1    -0.0 
RMS          28.8    13.9     0.5      4.8    14.7     0.5      0.4     1.2     0.5 
H-RMS        31.9      -       -      15.5      -       -       1.2      -       -  
3D-RMS       31.9      -       -      15.5      -       -       1.3      -       -  
