Station          IGS20 (mm/year)         CHN20 (mm/year)         ALS20 (mm/year)  
           Vel_E   Vel_N   Vel_U     Vel_E   Vel_N   Vel_U     Vel_E   Vel_N   Vel_U    
DXIN        31.1    -4.4     0.7     -0.9     2.0     0.4     -0.7     0.2     0.2 
GSGT        31.1    -3.8     0.6     -1.0     2.5     0.4     -0.8     0.7    -0.4 
GSMQ        32.6    -6.2     1.2      0.7     1.0     0.9      1.0    -0.3     0.5 
NMAY        31.4    -5.7     1.0     -0.7     1.1     0.7     -0.4    -0.6     0.2 
NMAZ        32.0    -7.4     0.4      0.3     0.5     0.1      0.5    -1.1     0.1 
NMEJ        31.2    -5.3    -0.1     -0.5     1.4    -0.3     -0.4    -0.4    -0.3 
NXZW        32.6    -6.2     0.2      0.7     1.6    -0.1      1.1    -0.0    -0.5 
GSML        32.9    -3.6     0.8      0.7     3.0     0.6      1.0     1.2    -0.2 
-------------------------------------------------------------------------------------
Average      31.9    -5.3     0.6     -0.1     1.6     0.3      0.2    -0.0    -0.0 
RMS          31.9     5.5     0.7      0.7     1.8     0.5      0.8     0.7     0.3 
H-RMS        32.3      -       -       1.9      -       -       1.0      -       -  
3D-RMS       32.3      -       -       2.0      -       -       1.1      -       -  
