Station          IGS20 (mm/year)         CHN20 (mm/year)         CHN20 (mm/year)  
           Vel_E   Vel_N   Vel_U     Vel_E   Vel_N   Vel_U     Vel_E   Vel_N   Vel_U    
CHUN        27.4   -12.0    -0.6     -1.0     0.5    -1.3     -1.0     0.5    -1.3 
HECD        28.6   -10.6     0.9     -1.4     0.3     0.4     -1.4     0.3     0.4 
HLAR        26.5   -11.3     0.4     -1.7     0.1    -0.3     -1.7     0.1    -0.3 
HLWD        24.8   -12.4     0.1     -2.5     0.3    -0.7     -2.5     0.3    -0.7 
HRBN        26.9   -13.1     0.6     -1.0    -0.3    -0.2     -1.0    -0.3    -0.2 
LNHL        29.2   -11.7     1.3     -0.5    -0.2     0.7     -0.5    -0.2     0.7 
NMAG        27.3   -11.8     1.6     -1.7     0.2     0.9     -1.7     0.2     0.9 
NMAL        27.8   -11.0     1.3     -1.5     0.4     0.6     -1.5     0.4     0.6 
NMDW        27.9   -10.9     0.7     -1.5    -0.2     0.1     -1.5    -0.2     0.1 
NMEL        29.5   -10.0     1.3     -0.9    -0.4     0.8     -0.9    -0.4     0.8 
NMER        24.6   -12.3     0.6     -2.6    -0.0    -0.2     -2.6    -0.0    -0.2 
NMWJ        30.2    -9.6     0.7     -1.0    -1.1     0.3     -1.0    -1.1     0.3 
NMWL        27.0   -11.6     0.4     -1.5     0.3    -0.3     -1.5     0.3    -0.3 
NMZL        29.1   -10.6     0.9     -1.1    -0.1     0.4     -1.1    -0.1     0.4 
LNJZ        29.0   -11.9    -0.0     -0.8    -0.2    -0.6     -0.8    -0.2    -0.6 
HECC        29.5   -11.1     0.9     -0.9    -0.6     0.4     -0.9    -0.6     0.4 
FSVO        23.3   -11.8     0.3     -2.9     1.3    -0.6     -2.9     1.3    -0.6 
LNYK        28.6   -12.0     0.9     -0.9    -0.1     0.3     -0.9    -0.1     0.3 
AHBB        31.8   -11.7     0.3      0.7    -1.0    -0.0      0.7    -1.0    -0.0 
BJFS        31.0   -11.0     0.6      0.5    -0.5     0.1      0.5    -0.5     0.1 
GSPL        34.0    -9.5     1.2      2.0    -1.3     0.9      2.0    -1.3     0.9 
HAJY        32.8   -10.8     0.6      1.3    -1.3     0.3      1.3    -1.3     0.3 
HEYY        31.1   -10.5     0.4      0.4    -0.5    -0.0      0.4    -0.5    -0.0 
JIXN        29.4   -10.9     1.1     -0.9    -0.1     0.6     -0.9    -0.1     0.6 
JSLS        32.7   -11.9     0.7      1.7    -0.7     0.3      1.7    -0.7     0.3 
JSLY        31.5   -12.1     0.4      0.7    -0.9    -0.1      0.7    -0.9    -0.1 
LNHL        29.2   -11.7     1.3     -0.5    -0.2     0.7     -0.5    -0.2     0.7 
LNJZ        29.0   -11.9    -0.0     -0.8    -0.2    -0.6     -0.8    -0.2    -0.6 
SDCY        30.8   -12.2     1.1      0.4    -1.0     0.6      0.4    -1.0     0.6 
SDJX        32.2   -11.7     0.4      1.2    -1.2     0.0      1.2    -1.2     0.0 
SDYT        29.7   -12.0     0.6     -0.4    -0.4     0.1     -0.4    -0.4     0.1 
SDZB        30.8   -10.6     0.9      0.2     0.2     0.4      0.2     0.2     0.4 
SNDF        33.8   -10.5     1.0      2.1    -1.4     0.8      2.1    -1.4     0.8 
SNJY        33.9   -10.3     1.0      2.1    -1.6     0.7      2.1    -1.6     0.7 
SXGX        32.5   -11.2     1.3      1.2    -1.7     0.9      1.2    -1.7     0.9 
SXLQ        31.6   -10.9     1.4      0.8    -0.9     0.9      0.8    -0.9     0.9 
SXXX        32.3   -10.3     1.2      0.8    -1.0     0.9      0.8    -1.0     0.9 
SXYC        31.0   -11.4     1.1     -0.1    -1.7     0.7     -0.1    -1.7     0.7 
TJBD        30.2   -11.7     0.2     -0.1    -1.0    -0.3     -0.1    -1.0    -0.3 
TAIN        31.5   -11.5     1.2      0.7    -0.8     0.8      0.7    -0.8     0.8 
TJBD        30.2   -11.7     0.2     -0.1    -1.0    -0.3     -0.1    -1.0    -0.3 
ZJZS        32.5   -12.2    -0.6      1.6    -0.5    -1.0      1.6    -0.5    -1.0 
MA04        30.7   -12.2     0.2      0.6     0.4    -0.4      0.6     0.4    -0.4 
SOC1        29.4   -11.9    -0.2     -0.2     0.4    -0.8     -0.2     0.4    -0.8 
DAEZ        28.9   -11.8    -0.3     -0.6     1.0    -1.0     -0.6     1.0    -1.0 
GAG1        30.3   -12.6     0.7      0.2    -0.2     0.1      0.2    -0.2     0.1 
OSN4        29.9   -11.1    -0.0      0.5     1.6    -0.7      0.5     1.6    -0.7 
AHAQ        33.0   -11.7     0.3      1.7    -1.1     0.0      1.7    -1.1     0.0 
COA1        33.0   -11.2     0.1      1.2    -1.4    -0.0      1.2    -1.4    -0.0 
CQCS        34.5    -9.4     0.3      2.3    -1.2     0.2      2.3    -1.2     0.2 
FJPT        31.8   -11.8     0.1      0.5    -0.6    -0.2      0.5    -0.6    -0.2 
FJWY        32.8   -11.8     1.0      1.4    -1.0     0.7      1.4    -1.0     0.7 
FJXP        32.7   -12.0     0.4      1.5    -0.7     0.1      1.5    -0.7     0.1 
GDSG        33.0   -11.3     0.2      1.1    -1.5     0.1      1.1    -1.5     0.1 
GDZJ        32.8   -11.1    -0.2      0.8    -2.1    -0.2      0.8    -2.1    -0.2 
GXBH        33.1   -10.4     0.9      1.1    -1.6     0.9      1.1    -1.6     0.9 
GXHC        34.0   -10.1     0.5      1.8    -1.6     0.5      1.8    -1.6     0.5 
GXNN        33.4    -9.9     0.7      1.3    -1.4     0.8      1.3    -1.4     0.8 
GZFG        35.0   -10.0     0.5      2.8    -1.6     0.4      2.8    -1.6     0.4 
GZGY        34.0    -9.6     0.4      1.7    -1.5     0.4      1.7    -1.5     0.4 
GZSC        34.2    -9.2     0.5      1.8    -1.5     0.5      1.8    -1.5     0.5 
HBES        34.0   -10.5    -0.8      2.0    -1.7    -1.0      2.0    -1.7    -1.0 
HBJM        33.8   -11.0     1.0      2.1    -1.5     0.7      2.1    -1.5     0.7 
HBXF        33.5   -10.5    -0.3      1.8    -1.0    -0.5      1.8    -1.0    -0.5 
HKTK        33.0   -11.5     0.4      1.3    -1.6     0.3      1.3    -1.6     0.3 
HNLY        33.1   -10.9     0.5      1.3    -1.1     0.3      1.3    -1.1     0.3 
HNMY        33.5   -10.4     0.6      1.4    -1.5     0.4      1.4    -1.5     0.4 
JFNG        33.1   -11.4     0.4      1.5    -1.4     0.1      1.5    -1.4     0.1 
JXJA        33.2   -11.7     0.3      1.5    -1.5     0.1      1.5    -1.5     0.1 
KMNM        32.4   -12.0     0.4      1.0    -1.1     0.2      1.0    -1.1     0.2 
LUZH        35.1    -9.7     0.3      2.8    -1.9     0.2      2.8    -1.9     0.2 
MAT3        31.8   -12.4     0.1      0.5    -1.1    -0.2      0.5    -1.1    -0.2 
SCBZ        34.3    -9.6     0.7      2.1    -1.4     0.6      2.1    -1.4     0.6 
SCJU        33.7    -8.8     0.9      1.3    -1.2     0.9      1.3    -1.2     0.9 
SCSN        33.8    -9.0     0.3      1.5    -1.2     0.2      1.5    -1.2     0.2 
SCMB        34.9    -9.0     0.3      2.4    -1.6     0.3      2.4    -1.6     0.3 
SNAK        33.8   -10.6     1.2      1.8    -2.0     1.0      1.8    -2.0     1.0 
SNBH        34.0   -10.1     0.4      2.1    -1.2     0.1      2.1    -1.2     0.1 
SNPL        34.1   -10.3     0.4      2.1    -1.5     0.2      2.1    -1.5     0.2 
SNTB        34.5    -9.9     1.2      2.5    -1.6     1.0      2.5    -1.6     1.0 
ZJJD        32.8   -12.2     0.8      1.6    -1.1     0.4      1.6    -1.1     0.4 
ZJWZ        32.6   -12.4    -0.1      1.5    -1.0    -0.5      1.5    -1.0    -0.5 
DXIN        31.1    -4.4     0.7     -0.9     2.0     0.4     -0.9     2.0     0.4 
NMEJ        31.2    -5.3    -0.1     -0.5     1.4    -0.3     -0.5     1.4    -0.3 
XJAL        28.9     2.6     0.1     -2.8     5.6    -0.1     -2.8     5.6    -0.1 
XJBE        28.9     2.5     0.3     -2.8     5.1     0.1     -2.8     5.1     0.1 
XJFY        29.4     2.5     0.0     -2.3     5.9    -0.2     -2.3     5.9    -0.2 
XJQH        30.9     2.0     0.3     -0.9     5.8     0.1     -0.9     5.8     0.1 
DOJI        30.6   -12.7    -0.4     -0.8    -1.5    -0.7     -0.8    -1.5    -0.7 
HIYS        29.7   -11.5    -1.2     -1.0    -1.9    -1.0     -1.0    -1.9    -1.0 
QION        31.7   -10.0     0.2     -0.2    -1.1     0.2     -0.2    -1.1     0.2 
YONG        31.5   -10.9    -2.9     -0.1    -1.4    -2.9     -0.1    -1.4    -2.9 
ULAB        28.3    -8.8     1.6     -1.8    -0.4     1.2     -1.8    -0.4     1.2 
CH01        26.2    -9.9     0.6     -2.3     0.1    -0.0     -2.3     0.1    -0.0 
DXIN        31.1    -4.4     0.7     -0.9     2.0     0.4     -0.9     2.0     0.4 
GSGT        31.1    -3.8     0.6     -1.0     2.5     0.4     -1.0     2.5     0.4 
GSMQ        32.6    -6.2     1.2      0.7     1.0     0.9      0.7     1.0     0.9 
NMAY        31.4    -5.7     1.0     -0.7     1.1     0.7     -0.7     1.1     0.7 
NMAZ        32.0    -7.4     0.4      0.3     0.5     0.1      0.3     0.5     0.1 
NMEJ        31.2    -5.3    -0.1     -0.5     1.4    -0.3     -0.5     1.4    -0.3 
NXZW        32.6    -6.2     0.2      0.7     1.6    -0.1      0.7     1.6    -0.1 
DLZD        29.8    -6.7     0.1     -1.4     0.9    -0.3     -1.4     0.9    -0.3 
CHBN        27.0   -10.4     0.8     -2.2    -0.2     0.2     -2.2    -0.2     0.2 
KBDO        29.4    -0.2     0.2     -2.1     3.9    -0.1     -2.1     3.9    -0.1 
BADG        26.7    -6.8     1.0     -3.2     0.2     0.5     -3.2     0.2     0.5 
KIZ1        26.4    -3.2     1.1     -4.2     1.7     0.7     -4.2     1.7     0.7 
S01R        31.3   -12.3     0.2     -0.1    -1.2    -0.1     -0.1    -1.2    -0.1 
DANG        30.5   -12.1     1.2      0.6     0.5     0.6      0.6     0.5     0.6 
JLYJ        29.4   -13.8    -0.2      1.4    -0.6    -0.9      1.4    -0.6    -0.9 
LNDD        28.8   -11.6     0.2     -0.5     0.7    -0.4     -0.5     0.7    -0.4 
XJTC        28.3     1.3     0.9     -3.7     2.8     0.7     -3.7     2.8     0.7 
KBDO        29.4    -0.2     0.2     -2.1     3.9    -0.1     -2.1     3.9    -0.1 
DLZD        29.8    -6.7     0.1     -1.4     0.9    -0.3     -1.4     0.9    -0.3 
CHBN        27.0   -10.4     0.8     -2.2    -0.2     0.2     -2.2    -0.2     0.2 
HISY        30.9    -8.5     0.8     -0.9     0.3     0.9     -0.9     0.3     0.9 
HIHK        31.9   -10.1     0.3      0.0    -1.1     0.3      0.0    -1.1     0.3 
SUMK        27.7     2.4    -0.0     -4.7     1.1    -0.0     -4.7     1.1    -0.0 
XJWQ        29.2     3.5     0.8     -3.1     4.4     0.7     -3.1     4.4     0.7 
PODG        30.0     4.9     0.4     -2.6     5.3     0.4     -2.6     5.3     0.4 
SELE        28.4     3.9    -0.0     -4.1     3.5     0.0     -4.1     3.5     0.0 
CHUM        27.5     2.7     0.1     -5.0     1.7     0.2     -5.0     1.7     0.2 
TALA        27.6     3.8     0.8     -5.0     2.0     0.9     -5.0     2.0     0.9 
IRKJ        25.2    -6.8    -0.1     -4.4     0.8    -0.6     -4.4     0.8    -0.6 
KYIN        31.3   -10.0     1.0      0.1     1.5     0.7      0.1     1.5     0.7 
PAO2        30.5   -10.4     1.8     -0.7     1.2    -0.1     -0.7     1.2    -0.1 
TSIO        29.7   -10.9     0.6     -1.6     0.5     0.3     -1.6     0.5     0.3 
TEGS        29.6   -11.4     0.1     -1.7     0.0    -0.2     -1.7     0.0    -0.2 
LALX        30.5    -9.1     0.5     -1.5    -1.4     0.6     -1.5    -1.4     0.6 
LALB        31.7    -7.9    -1.4     -0.6    -0.9    -1.2     -0.6    -0.9    -1.2 
JNAV        32.8    -6.6    -1.6      0.6    -2.3    -1.5      0.6    -2.3    -1.5 
CMUM        30.6    -8.0    -1.6     -1.7    -1.9    -1.3     -1.7    -1.9    -1.3 
YNJP        33.7    -9.2    -0.4      1.3    -2.0    -0.3      1.3    -2.0    -0.3 
DANA        30.2    -9.0    -0.1     -1.5    -0.5     0.1     -1.5    -0.5     0.1 
KRTV        26.9     0.7     0.3     -4.5     0.9     0.1     -4.5     0.9     0.1 
TASH        26.8     4.8     0.3     -5.8     2.2     0.4     -5.8     2.2     0.4 
-------------------------------------------------------------------------------------
Average      30.7    -8.9     0.4     -0.3    -0.1     0.1     -0.3    -0.1     0.1 
RMS          30.8     9.9     0.8      1.9     1.7     0.6      1.9     1.7     0.6 
H-RMS        32.4      -       -       2.5      -       -       2.5      -       -  
3D-RMS       32.4      -       -       2.6      -       -       2.6      -       -  
