Station          IGS20 (mm/year)         CHN20 (mm/year)         TSN20 (mm/year)  
           Vel_E   Vel_N   Vel_U     Vel_E   Vel_N   Vel_U     Vel_E   Vel_N   Vel_U    
GUAO        32.5     5.4     1.1      0.1     8.1     1.0      0.9     0.5     0.5 
URU2        31.8     4.3     1.5     -0.5     7.2     1.4      0.1    -0.3     1.0 
XJBY        31.4     7.5     1.3     -1.1     9.2     1.3      0.2     1.0     0.1 
XJDS        31.6     5.7     0.7     -0.7     7.7     0.6      0.1    -0.3     0.6 
XJJJ        32.0     0.1     0.8     -0.1     4.9     0.6      0.4    -1.0    -0.0 
XJSS        32.0     3.4     0.4     -0.3     7.0     0.3      0.5     0.1    -0.6 
XJWL        31.9     6.2     1.4     -0.5     8.8     1.3      0.5     1.1     0.2 
XJXY        30.5     6.7     0.2     -2.0     8.2     0.1     -0.8    -0.1     0.1 
XJYN        30.0     6.4    -0.0     -2.5     7.4    -0.1     -1.3    -1.1    -0.3 
XJZS        30.9     7.8     1.2     -1.7     8.5     1.2     -0.1    -0.2    -0.1 
-------------------------------------------------------------------------------------
Average      31.5     5.3     0.9     -0.9     7.7     0.8      0.0    -0.0     0.2 
RMS          31.5     5.8     1.0      1.2     7.8     0.9      0.6     0.7     0.5 
H-RMS        32.0      -       -       7.9      -       -       0.9      -       -  
3D-RMS       32.0      -       -       7.9      -       -       1.0      -       -  
